# BALANCE 5175.27
# BID 4795.64000
PENDING 261899537 5004 1221 SELL_LIMIT 4854.55000 4868.45000 0.01
PENDING 261899538 5005 1221 SELL_LIMIT 4855.55000 4868.45000 0.01
PENDING 261899539 5006 1221 SELL_LIMIT 4856.95000 4868.45000 0.01
PENDING 261899540 5007 1221 SELL_LIMIT 4857.85000 4868.45000 0.01
PENDING 261899541 5008 1221 SELL_LIMIT 4859.55000 4868.45000 0.01
PENDING 261899542 5009 1221 SELL_LIMIT 4860.55000 4868.45000 0.01
PENDING 261899543 5010 1221 SELL_LIMIT 4862.55000 4868.45000 0.01
PENDING 261899771 5015 1233 BUY_LIMIT 4785.85000 4778.35000 0.08
PENDING 261899772 5016 1233 BUY_LIMIT 4784.25000 4778.35000 0.08
PENDING 261899988 5017 1234 BUY_LIMIT 4774.64000 4765.26000 0.08
PENDING 261899989 5018 1234 BUY_LIMIT 4771.74000 4765.26000 0.08
PENDING 261899996 5015 1233 BUY_LIMIT 4785.85000 4778.35000 0.08
PENDING 261899997 5016 1233 BUY_LIMIT 4784.25000 4778.35000 0.08
PENDING 261899998 5015 1233 BUY_LIMIT 4785.85000 4778.35000 0.08
PENDING 261899999 5016 1233 BUY_LIMIT 4784.25000 4778.35000 0.08
PENDING 261900001 5015 1233 BUY_LIMIT 4785.85000 4778.35000 0.08
PENDING 261900002 5016 1233 BUY_LIMIT 4784.25000 4778.35000 0.08
PENDING 261900003 5015 1233 BUY_LIMIT 4785.84000 4778.36000 0.08
PENDING 261900004 5016 1233 BUY_LIMIT 4784.24000 4778.36000 0.08
PENDING 261900005 5015 1233 BUY_LIMIT 4785.83000 4778.37000 0.08
PENDING 261900006 5016 1233 BUY_LIMIT 4784.23000 4778.37000 0.08
PENDING 261900007 5015 1233 BUY_LIMIT 4785.82000 4778.38000 0.08
PENDING 261900008 5016 1233 BUY_LIMIT 4784.22000 4778.38000 0.08
PENDING 261900009 5015 1233 BUY_LIMIT 4785.82000 4778.38000 0.08
PENDING 261900010 5016 1233 BUY_LIMIT 4784.22000 4778.38000 0.08
PENDING 261900011 5015 1233 BUY_LIMIT 4785.81000 4778.39000 0.08
PENDING 261900012 5016 1233 BUY_LIMIT 4784.21000 4778.39000 0.08
PENDING 261900013 5015 1233 BUY_LIMIT 4785.80000 4778.40000 0.08
PENDING 261900014 5016 1233 BUY_LIMIT 4784.20000 4778.40000 0.08
PENDING 261900015 5015 1233 BUY_LIMIT 4785.80000 4778.40000 0.08
PENDING 261900016 5016 1233 BUY_LIMIT 4784.20000 4778.40000 0.08
PENDING 261900017 5015 1233 BUY_LIMIT 4785.79000 4778.41000 0.08
PENDING 261900018 5016 1233 BUY_LIMIT 4784.19000 4778.41000 0.08
PENDING 261900019 5015 1233 BUY_LIMIT 4785.79000 4778.41000 0.08
PENDING 261900020 5016 1233 BUY_LIMIT 4784.19000 4778.41000 0.08
PENDING 261900021 5015 1233 BUY_LIMIT 4785.80000 4778.40000 0.08
PENDING 261900022 5016 1233 BUY_LIMIT 4784.20000 4778.40000 0.08
PENDING 261900023 5015 1233 BUY_LIMIT 4785.79000 4778.41000 0.08
PENDING 261900024 5016 1233 BUY_LIMIT 4784.19000 4778.41000 0.08
PENDING 261900025 5015 1233 BUY_LIMIT 4785.79000 4778.41000 0.08
PENDING 261900026 5016 1233 BUY_LIMIT 4784.19000 4778.41000 0.08
PENDING 261900027 5015 1233 BUY_LIMIT 4785.79000 4778.41000 0.08
PENDING 261900028 5016 1233 BUY_LIMIT 4784.19000 4778.41000 0.08
PENDING 261900030 5015 1233 BUY_LIMIT 4785.79000 4778.41000 0.08
PENDING 261900031 5016 1233 BUY_LIMIT 4784.19000 4778.41000 0.08
PENDING 261900033 5015 1233 BUY_LIMIT 4785.79000 4778.41000 0.08
PENDING 261900034 5016 1233 BUY_LIMIT 4784.19000 4778.41000 0.08
PENDING 261900035 5015 1233 BUY_LIMIT 4785.79000 4778.41000 0.08
PENDING 261900036 5016 1233 BUY_LIMIT 4784.19000 4778.41000 0.08
PENDING 261900037 5015 1233 BUY_LIMIT 4785.79000 4778.41000 0.08
PENDING 261900038 5016 1233 BUY_LIMIT 4784.19000 4778.41000 0.08
PENDING 261900039 5015 1233 BUY_LIMIT 4785.81000 4778.39000 0.08
PENDING 261900040 5016 1233 BUY_LIMIT 4784.21000 4778.39000 0.08
PENDING 261900041 5015 1233 BUY_LIMIT 4785.80000 4778.40000 0.08
PENDING 261900042 5016 1233 BUY_LIMIT 4784.20000 4778.40000 0.08
PENDING 261900044 5015 1233 BUY_LIMIT 4785.79000 4778.41000 0.08
PENDING 261900045 5016 1233 BUY_LIMIT 4784.19000 4778.41000 0.08
PENDING 261900046 5015 1233 BUY_LIMIT 4785.81000 4778.39000 0.08
PENDING 261900047 5016 1233 BUY_LIMIT 4784.21000 4778.39000 0.08
PENDING 261900048 5015 1233 BUY_LIMIT 4785.80000 4778.40000 0.08
PENDING 261900049 5016 1233 BUY_LIMIT 4784.20000 4778.40000 0.08
PENDING 261900050 5015 1233 BUY_LIMIT 4785.83000 4778.37000 0.08
PENDING 261900051 5016 1233 BUY_LIMIT 4784.23000 4778.37000 0.08
PENDING 261900052 5015 1233 BUY_LIMIT 4785.83000 4778.37000 0.08
PENDING 261900053 5016 1233 BUY_LIMIT 4784.23000 4778.37000 0.08
PENDING 261900054 5015 1233 BUY_LIMIT 4785.83000 4778.37000 0.08
PENDING 261900055 5016 1233 BUY_LIMIT 4784.23000 4778.37000 0.08
PENDING 261900056 5015 1233 BUY_LIMIT 4785.83000 4778.37000 0.08
PENDING 261900057 5016 1233 BUY_LIMIT 4784.23000 4778.37000 0.08
PENDING 261900058 5015 1233 BUY_LIMIT 4785.83000 4778.37000 0.08
PENDING 261900059 5016 1233 BUY_LIMIT 4784.23000 4778.37000 0.08
PENDING 261900060 5015 1233 BUY_LIMIT 4785.82000 4778.38000 0.08
PENDING 261900061 5016 1233 BUY_LIMIT 4784.22000 4778.38000 0.08
PENDING 261900062 5015 1233 BUY_LIMIT 4785.83000 4778.37000 0.08
PENDING 261900063 5016 1233 BUY_LIMIT 4784.23000 4778.37000 0.08
PENDING 261900064 5015 1233 BUY_LIMIT 4785.83000 4778.37000 0.08
PENDING 261900065 5016 1233 BUY_LIMIT 4784.23000 4778.37000 0.08
PENDING 261900066 5015 1233 BUY_LIMIT 4785.82000 4778.38000 0.08
PENDING 261900067 5016 1233 BUY_LIMIT 4784.22000 4778.38000 0.08
PENDING 261900068 5015 1233 BUY_LIMIT 4785.83000 4778.37000 0.08
PENDING 261900069 5016 1233 BUY_LIMIT 4784.23000 4778.37000 0.08
PENDING 261900070 5015 1233 BUY_LIMIT 4785.83000 4778.37000 0.08
PENDING 261900071 5016 1233 BUY_LIMIT 4784.23000 4778.37000 0.08
PENDING 261900072 5015 1233 BUY_LIMIT 4785.83000 4778.37000 0.08
PENDING 261900073 5016 1233 BUY_LIMIT 4784.23000 4778.37000 0.08
PENDING 261900074 5015 1233 BUY_LIMIT 4785.83000 4778.37000 0.08
PENDING 261900075 5016 1233 BUY_LIMIT 4784.23000 4778.37000 0.08
PENDING 261900076 5015 1233 BUY_LIMIT 4785.83000 4778.37000 0.08
PENDING 261900077 5016 1233 BUY_LIMIT 4784.23000 4778.37000 0.08
PENDING 261900078 5015 1233 BUY_LIMIT 4785.83000 4778.37000 0.08
PENDING 261900079 5016 1233 BUY_LIMIT 4784.23000 4778.37000 0.08
PENDING 261900080 5015 1233 BUY_LIMIT 4785.83000 4778.37000 0.08
PENDING 261900081 5016 1233 BUY_LIMIT 4784.23000 4778.37000 0.08
PENDING 261900082 5015 1233 BUY_LIMIT 4785.83000 4778.37000 0.08
PENDING 261900083 5016 1233 BUY_LIMIT 4784.23000 4778.37000 0.08
PENDING 261900084 5015 1233 BUY_LIMIT 4785.83000 4778.37000 0.08
PENDING 261900085 5016 1233 BUY_LIMIT 4784.23000 4778.37000 0.08
PENDING 261900086 5015 1233 BUY_LIMIT 4785.83000 4778.37000 0.08
PENDING 261900087 5016 1233 BUY_LIMIT 4784.23000 4778.37000 0.08
PENDING 261900088 5015 1233 BUY_LIMIT 4785.82000 4778.38000 0.08
---
